75
59 18 86 3 33 25 80 38 78 21 72 8 38 66 88 38 34 10 98 62 68 27 38 76 39 22 92 42 84 46 97 55 87 73 90 91 26 38 24 85 45 31 93 10 73 98 74 71 30 95 57 4 85 1 25 71 66 76 12 86 24 21 39 99 20 91 18 41 60 45 59 92 25 56 44 
39
34
1 0 0 1 1 1 0 0 1 0 0 0 0 0 1 1 1 0 1 0 0 0 0 0 1 1 1 0 0 0 0 0 0 1 1 0 0 1 0 1 0 0 0 1 0 0 1 0 1 0 1 0 0 0 1 1 1 1 0 1 1 1 1 1 0 0 1 1 0 1 0 1 0 0 0 
1 0 1 1 1 1 1 1 1 1 1 1 1 1 1 1 1 1 1 1 1 1 1 1 0 1 1 1 1 1 1 1 1 1 1 1 1 1 1 1 1 1 1 1 1 1 1 1 1 1 1 1 1 1 1 1 1 1 1 1 0 1 1 1 1 1 1 0 1 1 1 1 1 1 1 
1 1 1 1 1 1 1 1 1 1 1 1 1 1 1 1 1 1 1 1 1 1 1 1 1 1 1 1 1 1 1 1 1 1 1 1 1 1 1 1 1 1 1 1 1 1 1 1 1 1 1 1 1 1 1 1 1 1 1 1 1 1 1 1 1 1 1 1 1 1 1 1 1 1 1 
1 0 0 1 1 0 1 1 1 1 0 0 1 0 1 0 0 1 1 1 0 1 0 1 0 1 0 1 0 0 1 0 0 0 0 1 1 1 0 0 1 1 0 0 0 0 1 0 1 1 1 0 1 1 0 1 0 0 1 0 0 0 0 0 0 1 1 1 1 0 1 0 0 0 0 
1 0 1 0 0 1 0 0 1 1 0 1 0 0 1 1 0 0 0 0 1 0 0 1 0 0 0 1 0 1 0 1 0 0 0 1 0 0 0 1 1 1 1 0 0 1 1 0 0 0 0 0 0 0 0 0 0 1 0 1 1 0 1 0 0 1 1 1 0 0 0 0 1 1 0 
1 0 0 1 0 1 0 0 1 0 0 1 0 0 1 1 0 0 0 1 1 1 0 0 1 1 1 1 0 0 0 1 0 0 1 0 0 1 0 0 1 0 0 0 0 1 0 0 1 0 0 0 1 1 0 1 0 0 0 1 0 0 1 1 1 0 1 0 1 1 1 0 0 0 1 
0 0 0 0 0 0 1 0 0 0 0 0 0 0 0 0 0 0 0 0 0 0 0 0 1 0 0 0 0 0 0 0 0 0 0 0 0 0 0 1 0 0 0 0 0 0 0 0 0 0 0 1 0 0 0 0 0 0 0 0 1 0 0 0 0 0 0 0 0 0 0 0 0 0 0 
1 0 0 0 0 0 1 1 0 1 0 1 1 0 0 1 0 0 0 1 1 1 1 1 1 0 1 1 0 0 0 0 0 1 1 1 0 1 0 0 1 1 1 1 1 0 1 1 0 1 1 1 0 1 0 0 0 0 0 1 0 1 0 1 0 1 0 0 1 1 1 0 1 1 1 
1 0 0 1 1 0 0 1 1 0 0 0 1 0 0 0 1 0 0 1 0 1 0 0 1 0 0 0 0 0 1 1 0 0 1 0 0 0 0 1 0 0 0 0 1 1 0 1 0 0 0 0 0 1 0 1 0 1 1 1 0 1 0 0 1 0 0 0 0 0 0 1 1 0 0 
0 1 0 1 0 0 0 1 1 0 1 1 1 0 0 1 1 1 0 0 1 1 1 0 1 1 0 1 0 0 0 0 1 1 0 0 1 0 1 0 0 0 1 0 0 0 1 0 1 1 1 0 1 1 0 1 1 1 1 0 0 0 0 0 1 0 0 0 1 0 0 0 0 0 1 
1 0 1 1 1 1 1 0 1 0 0 1 0 1 1 0 1 1 0 0 1 1 1 0 1 1 1 1 1 1 1 1 1 1 1 1 0 1 1 0 1 1 1 0 1 1 1 1 1 1 0 1 1 1 0 1 0 1 1 0 1 0 1 1 1 1 1 1 0 1 1 1 1 1 1 
0 0 0 0 0 0 0 0 0 0 0 0 0 0 0 1 0 0 0 0 0 0 0 0 0 0 0 1 0 0 1 0 0 0 0 0 0 0 0 0 0 0 0 1 0 0 0 0 0 0 0 1 0 1 0 0 0 0 1 0 0 0 0 0 0 0 0 0 0 0 0 1 0 0 0 
0 1 1 1 1 1 1 1 1 1 1 1 1 1 1 1 1 1 1 1 1 1 1 1 1 1 1 0 1 1 1 1 1 0 1 1 1 1 1 1 1 0 1 1 1 1 1 1 1 1 0 1 1 1 1 0 1 1 0 0 1 1 1 1 1 0 1 1 1 1 1 1 1 1 0 
0 0 1 0 1 0 0 1 1 1 1 1 1 1 1 1 1 1 0 1 1 0 1 0 0 1 1 1 0 1 1 0 1 0 1 1 1 0 1 0 1 0 1 1 0 0 0 1 0 1 1 0 1 1 0 0 0 0 1 1 1 1 1 1 1 0 0 0 0 1 0 0 1 1 1 
0 1 0 1 0 0 0 0 0 1 0 0 0 0 1 0 0 0 0 0 0 1 0 0 0 0 0 1 0 0 0 0 0 1 0 0 0 0 0 0 0 0 0 0 0 0 0 0 1 0 1 0 1 0 0 0 1 0 0 0 0 0 0 1 0 0 1 1 1 1 0 0 0 0 0 
1 1 1 1 1 1 1 1 1 1 1 1 1 1 1 1 1 1 1 1 1 1 1 1 1 1 0 1 1 1 0 1 1 1 1 0 1 1 1 0 1 1 1 1 1 1 1 1 1 1 1 1 1 1 1 1 1 1 1 0 1 1 1 1 1 1 1 1 1 1 1 1 1 1 1 
1 1 1 1 1 1 1 1 1 1 1 1 1 1 1 1 1 1 1 1 1 1 1 1 1 1 1 1 1 1 1 1 1 1 1 1 1 1 0 1 1 1 1 1 1 1 1 1 1 1 1 1 1 1 1 1 1 1 1 1 1 1 1 1 1 1 1 1 1 1 1 1 1 1 1 
0 0 0 0 1 1 0 1 0 0 0 1 0 0 0 0 0 0 0 0 1 0 0 1 0 0 0 0 0 0 1 0 0 0 1 0 0 0 1 0 0 0 0 1 0 0 0 1 0 0 0 0 0 0 0 1 0 0 0 1 1 1 0 1 0 0 0 1 0 0 1 0 0 0 1 
0 0 1 1 1 1 1 1 1 1 0 1 1 1 1 1 0 1 1 1 1 1 1 1 0 0 1 0 1 1 1 0 1 1 1 1 0 1 1 1 1 1 1 1 0 1 1 1 0 1 0 0 1 1 0 1 0 1 1 1 1 1 1 1 1 1 1 0 1 1 0 0 1 1 1 
0 0 1 0 0 1 0 1 0 1 0 0 0 1 0 1 0 1 0 1 0 1 1 1 1 0 1 0 1 0 1 0 0 1 0 1 0 1 1 1 0 1 0 0 0 1 0 1 0 0 0 1 0 1 0 1 0 1 0 1 1 0 1 0 1 1 0 0 0 0 1 0 1 0 1 
1 0 0 0 0 1 0 0 0 0 0 0 0 0 0 0 0 0 0 0 0 0 0 0 1 0 0 0 0 1 0 0 0 0 0 0 0 0 0 0 0 0 0 0 0 0 0 0 0 0 0 0 0 1 0 0 0 0 0 0 0 0 0 0 0 0 0 0 0 0 0 1 0 0 0 
0 1 1 1 0 1 1 1 1 1 0 1 1 1 1 1 0 0 1 0 1 1 1 1 1 1 1 0 1 1 1 1 1 1 0 1 1 1 1 0 1 0 1 1 1 1 0 1 1 0 1 1 1 1 1 0 1 1 1 1 1 1 1 1 0 1 1 1 0 1 1 1 1 1 0 
0 0 1 1 0 1 0 0 0 0 0 0 0 0 0 0 1 0 0 0 0 0 0 0 0 0 0 0 0 0 0 1 0 0 0 0 0 0 0 0 0 0 0 1 1 0 1 0 0 0 0 0 1 0 0 0 0 0 0 0 1 0 0 0 0 0 0 0 0 0 0 0 1 0 0 
0 0 0 0 1 1 0 0 1 0 1 0 1 0 1 0 0 1 0 0 1 0 1 0 0 0 0 0 1 0 1 1 1 1 0 0 0 0 0 0 1 0 0 0 1 1 1 1 0 0 0 1 1 0 1 0 0 1 1 0 1 1 0 1 1 0 0 1 1 1 0 0 0 1 0 
0 0 1 1 0 0 1 1 0 0 0 0 0 0 1 1 1 0 1 0 1 1 0 0 1 0 0 0 1 1 0 0 0 1 0 0 0 0 1 0 1 1 0 0 1 0 0 0 0 0 1 1 0 0 0 0 0 0 0 0 0 1 0 1 0 1 0 0 0 0 0 1 0 0 0 
1 1 1 1 1 1 1 1 1 1 1 1 1 1 1 1 1 1 1 1 1 1 1 1 1 1 1 1 1 1 1 1 1 1 1 1 1 1 1 1 1 1 1 1 1 1 1 1 1 1 1 1 1 1 1 1 1 1 1 1 1 1 1 1 1 1 1 1 1 1 1 1 1 1 1 
0 1 0 0 0 0 0 1 0 0 0 0 0 1 1 1 0 0 0 0 0 1 0 1 0 0 1 1 1 0 1 0 0 1 1 1 1 0 1 1 0 0 1 1 0 1 0 1 0 0 0 0 1 0 1 0 0 0 1 0 1 0 0 1 0 0 0 0 0 0 0 0 0 1 0 
0 1 0 0 0 1 1 1 0 0 1 0 0 1 0 0 0 0 1 1 0 0 0 1 0 1 1 0 1 0 1 1 0 0 0 0 0 1 0 0 0 0 0 0 0 1 0 0 0 1 1 1 1 0 1 0 0 0 0 0 1 1 0 1 1 0 1 0 0 1 0 0 0 1 0 
1 1 0 1 1 1 1 1 1 1 1 1 0 1 1 1 1 1 1 1 1 1 1 1 1 1 1 1 1 1 1 1 0 1 1 0 1 1 1 1 1 1 1 1 1 1 1 1 0 1 1 1 1 0 1 1 1 1 1 1 1 1 1 1 1 1 1 1 1 1 1 1 1 1 1 
0 0 1 1 0 0 0 1 1 0 1 1 0 0 0 1 0 0 1 0 1 0 1 1 1 0 0 0 0 0 0 0 0 1 1 0 1 0 0 0 1 1 1 1 0 0 0 0 0 1 0 0 1 0 0 0 1 1 0 0 0 0 0 0 1 1 0 1 0 0 0 1 1 1 0 
0 0 0 0 0 0 0 1 0 0 0 0 0 1 0 0 0 0 0 0 0 0 0 0 0 1 0 0 0 0 0 0 0 0 0 0 0 0 0 0 0 0 0 1 1 0 0 0 0 0 0 0 0 0 0 0 0 0 0 1 1 1 0 0 0 0 0 0 0 0 0 0 0 0 0 
1 1 1 1 1 0 0 1 0 1 0 1 1 1 1 1 1 1 1 1 0 1 1 1 0 1 1 0 1 1 1 0 0 1 0 1 1 1 1 1 0 1 1 1 0 0 1 1 1 1 1 1 1 1 1 1 1 1 1 1 1 1 1 1 0 0 1 0 1 1 1 0 1 0 1 
0 1 1 0 1 1 1 1 1 1 1 0 1 1 1 1 1 1 0 0 1 1 0 1 0 1 1 1 1 0 1 1 0 1 1 1 0 1 1 1 1 1 1 0 0 0 0 1 1 1 1 1 0 0 0 1 1 1 1 1 0 1 1 1 1 1 1 1 0 0 1 0 1 0 1 
0 1 0 0 0 0 0 0 0 1 1 0 0 1 0 0 1 1 0 1 1 0 0 1 0 1 0 1 1 0 0 0 0 0 1 0 0 0 1 0 0 0 0 0 0 0 0 0 1 0 0 0 0 0 0 0 0 0 0 0 0 0 0 0 0 1 0 0 0 0 0 0 0 0 0 
