22
43 71 99 43 4 74 11 60 62 90 61 78 32 63 88 28 27 8 38 2 33 89 
17
81
1 1 1 1 1 1 1 1 1 1 1 1 1 1 1 1 1 1 1 1 1 1 
0 0 0 0 0 0 0 0 0 0 0 0 0 0 0 0 0 0 0 0 0 0 
1 1 0 1 1 1 1 1 1 1 1 0 1 1 1 1 1 1 1 1 0 0 
0 0 0 0 0 0 0 0 0 0 0 0 0 0 0 0 0 0 0 0 0 0 
0 0 0 0 0 0 0 0 0 0 0 0 0 0 0 0 0 0 0 0 0 0 
0 1 1 0 0 1 1 1 1 1 0 0 1 1 0 1 0 1 0 1 1 1 
0 0 0 0 0 0 0 0 0 1 0 0 0 0 0 0 0 0 0 0 1 0 
0 0 1 0 0 1 0 0 0 0 0 0 1 1 0 0 1 1 1 0 0 1 
0 0 0 1 0 0 1 0 0 1 1 1 0 0 1 0 1 0 0 1 0 1 
1 1 1 1 1 1 1 1 1 1 1 1 1 1 1 1 1 1 1 1 1 1 
1 0 1 0 0 0 1 0 1 1 1 0 0 0 0 0 0 0 0 0 0 0 
1 1 1 1 1 1 1 1 1 0 1 0 0 1 0 0 1 1 1 0 0 1 
0 0 0 0 0 0 0 0 0 0 0 0 1 0 0 0 1 0 1 0 0 0 
1 0 1 1 1 1 1 1 1 1 1 1 0 1 1 1 1 1 0 1 1 1 
0 0 0 0 0 0 0 0 0 1 0 0 0 1 0 1 0 0 0 0 0 0 
1 1 1 1 0 1 0 1 1 1 1 1 1 1 1 1 1 1 1 1 1 0 
1 1 1 1 1 1 1 1 1 1 1 1 1 1 1 1 1 1 1 1 1 1 
0 0 0 1 1 0 0 0 0 0 0 0 1 1 0 0 0 0 0 0 0 0 
0 0 1 1 0 0 1 0 1 0 0 0 0 0 0 1 1 0 0 1 0 1 
0 1 0 1 0 0 1 0 0 0 0 1 0 1 1 1 1 1 1 1 0 1 
0 0 0 0 0 0 0 0 0 0 0 0 0 0 0 0 0 0 0 0 0 0 
0 0 0 0 1 1 0 1 0 1 0 1 0 0 1 0 0 0 1 1 0 0 
1 0 1 0 0 1 0 0 1 0 1 1 0 0 0 0 1 0 0 1 1 1 
1 1 1 1 1 1 1 1 1 1 1 1 1 1 1 1 1 1 1 1 1 1 
1 1 1 1 1 1 1 1 1 1 0 1 1 1 1 1 1 1 1 0 1 1 
1 1 1 0 1 0 0 1 0 1 0 0 1 1 1 1 0 1 0 0 1 1 
1 1 1 1 1 1 1 1 1 1 1 1 1 1 1 1 1 1 1 1 1 1 
0 0 0 0 0 0 1 0 0 0 0 0 0 0 0 0 0 0 0 0 0 0 
1 0 1 1 1 0 1 0 1 1 1 1 1 1 1 0 1 1 1 1 1 1 
0 0 0 0 0 0 1 0 0 0 0 0 0 0 0 0 0 0 0 1 0 0 
1 0 0 1 0 0 0 0 1 0 0 0 0 0 0 0 1 1 0 0 0 0 
0 0 0 0 0 0 0 0 0 0 0 0 0 0 0 0 0 0 0 0 0 0 
0 1 0 1 1 0 0 0 1 1 1 1 1 1 0 1 0 0 1 1 1 0 
0 0 0 0 0 0 0 0 0 0 0 0 0 0 0 0 0 0 0 0 0 0 
0 0 0 0 0 0 0 0 0 0 1 1 0 0 0 0 0 0 0 0 0 0 
1 1 1 1 1 1 1 1 1 1 1 1 1 1 1 1 1 1 1 1 1 1 
1 0 0 0 0 1 0 0 0 1 0 0 1 1 0 1 0 1 0 1 0 1 
0 1 0 1 0 0 0 1 0 0 0 0 1 1 0 0 0 0 0 0 0 0 
0 0 1 0 1 1 1 0 0 0 1 0 1 0 0 0 1 0 1 0 1 0 
1 0 0 0 0 1 0 0 0 0 0 0 0 1 1 0 1 1 0 0 1 0 
1 1 1 0 1 1 1 0 1 1 1 1 1 1 1 1 1 1 1 1 1 0 
0 0 0 0 0 0 0 0 0 0 0 0 0 0 0 0 1 0 0 0 0 0 
1 0 1 0 1 1 1 1 0 0 1 1 0 0 0 0 1 0 0 1 0 0 
0 0 0 0 0 0 0 0 0 1 0 0 1 0 0 0 0 1 0 0 0 1 
0 0 1 1 0 1 0 0 0 0 1 0 0 1 0 1 0 0 0 1 1 0 
1 1 1 1 1 1 1 1 1 1 1 1 1 1 1 1 1 1 1 1 1 1 
0 1 1 1 0 0 1 0 1 1 0 0 1 1 1 0 1 0 1 1 0 0 
1 1 1 1 1 1 1 1 1 1 1 1 1 1 1 1 1 1 1 1 1 1 
0 0 0 0 0 0 0 0 0 0 1 0 0 0 0 0 0 0 0 0 0 0 
1 1 0 1 0 1 0 0 0 0 0 0 1 0 0 1 0 0 0 0 0 0 
0 0 0 0 0 0 0 0 0 0 0 1 0 1 0 0 1 0 1 0 0 0 
1 1 0 1 1 1 0 0 0 1 0 1 0 0 1 0 1 0 1 1 0 0 
0 1 1 1 0 1 1 1 1 1 0 1 1 0 0 1 1 0 1 0 1 1 
0 0 0 0 0 0 0 0 1 0 0 0 0 1 1 1 0 0 0 0 0 0 
1 0 0 1 1 1 1 0 1 1 1 0 1 1 0 1 1 1 1 0 1 0 
1 0 1 1 1 1 1 1 0 1 1 1 0 1 0 0 0 1 1 1 0 1 
1 0 0 1 0 0 0 0 0 0 0 1 0 0 0 0 0 0 0 0 0 0 
1 0 0 1 0 0 0 0 0 0 1 1 0 0 1 1 1 0 0 0 1 1 
0 1 0 0 0 1 0 0 1 0 0 0 0 0 1 0 1 0 1 0 1 0 
1 0 1 1 1 0 0 1 0 1 0 0 0 1 0 1 0 1 0 1 0 1 
0 1 1 1 1 1 1 1 1 1 1 1 0 0 1 1 0 0 0 1 1 0 
0 0 0 1 0 0 0 1 0 0 1 0 0 0 1 1 0 0 0 0 0 1 
0 1 0 0 1 0 0 1 1 1 0 0 1 0 0 0 1 0 0 0 1 1 
0 0 0 0 0 0 0 0 0 0 0 1 0 0 0 0 0 0 1 0 0 0 
0 1 1 0 1 1 0 1 1 1 0 0 0 1 1 0 1 1 1 1 0 1 
1 0 0 0 0 0 0 0 0 0 0 0 0 0 0 0 1 0 0 0 0 0 
0 1 1 1 1 1 1 1 1 0 1 1 0 1 1 1 1 1 1 0 1 1 
0 0 0 0 0 0 0 0 0 0 0 0 0 0 0 0 0 0 0 0 0 0 
1 0 1 1 1 1 1 1 1 1 1 1 1 1 1 1 1 1 1 1 1 1 
1 0 1 0 0 0 1 0 0 0 0 0 1 0 0 0 0 1 0 0 0 1 
0 1 0 1 1 1 1 1 1 1 1 1 1 1 1 1 0 0 0 0 1 1 
0 1 1 0 1 1 0 0 1 1 1 0 1 1 1 0 0 1 1 1 0 0 
1 1 1 1 1 1 1 1 0 1 1 0 1 1 0 1 1 1 1 1 1 1 
0 0 0 0 0 0 1 0 0 0 0 0 1 0 0 0 0 0 1 0 0 0 
0 0 0 1 0 1 0 0 0 0 0 0 1 0 1 0 0 0 0 1 1 0 
0 0 0 0 0 0 0 0 0 0 0 0 0 0 0 0 1 0 0 0 0 0 
0 0 0 0 1 0 0 1 1 1 1 1 1 0 1 0 1 0 0 1 1 0 
0 1 0 1 1 1 1 1 1 1 1 1 1 1 1 1 1 1 0 1 1 1 
0 0 0 1 1 0 0 0 0 0 0 1 1 0 0 1 0 0 0 1 0 0 
1 0 1 0 1 0 0 1 1 1 1 1 0 0 1 1 0 1 1 1 1 1 
0 0 0 0 0 0 0 0 1 1 0 1 1 0 0 0 0 0 1 0 0 0 
