11
67 48 67 15 74 3 29 61 3 41 58 
86
76
1 0 1 1 1 1 1 1 1 1 0 
1 1 0 1 1 1 0 0 1 0 1 
0 0 0 0 0 0 0 0 0 0 0 
0 0 1 0 0 0 0 0 1 0 0 
1 1 1 1 1 1 1 1 1 1 1 
1 1 1 1 1 1 1 1 1 1 0 
1 0 0 0 0 0 0 0 1 0 0 
0 0 0 0 1 0 0 1 0 0 0 
0 0 0 0 0 0 0 0 0 0 0 
1 1 0 0 1 0 0 0 1 0 0 
1 1 1 1 1 1 1 1 1 0 1 
0 0 0 0 0 0 0 0 0 0 0 
1 0 0 0 0 0 0 0 0 0 0 
1 1 1 1 1 1 1 1 1 1 1 
0 0 0 0 0 0 0 1 0 0 0 
1 1 0 1 1 0 1 1 1 1 1 
0 0 0 0 1 0 0 0 0 0 0 
1 0 0 0 0 0 1 1 0 1 1 
1 1 1 0 1 1 1 1 1 0 1 
0 0 0 0 0 1 0 0 1 0 0 
1 1 1 1 1 1 1 1 1 1 1 
0 0 0 1 1 0 0 0 0 0 0 
0 0 1 0 0 0 0 0 1 1 0 
1 1 0 1 1 1 0 1 1 1 1 
1 1 1 1 1 0 0 0 0 0 1 
0 0 0 0 0 0 0 0 0 0 1 
0 0 0 1 0 0 0 0 0 0 0 
1 1 0 1 1 1 1 1 1 1 0 
1 0 0 0 0 0 0 0 0 0 0 
0 0 0 0 0 0 0 0 0 1 0 
1 1 0 0 0 1 0 0 1 1 1 
0 0 0 0 0 0 0 0 0 0 0 
0 1 0 1 0 0 0 1 0 1 0 
1 1 0 0 1 0 1 1 1 0 1 
0 0 1 0 1 0 1 0 1 1 1 
0 1 1 1 1 0 1 1 0 1 0 
0 1 0 0 0 1 0 0 0 0 1 
0 1 0 1 0 1 1 0 0 0 1 
0 0 0 0 0 0 0 1 1 0 0 
1 0 0 0 0 1 0 1 1 0 1 
1 0 1 0 1 0 0 1 0 0 0 
0 0 0 0 1 0 0 0 0 0 1 
0 1 1 1 1 0 1 0 1 1 1 
0 0 0 1 1 1 0 1 0 0 0 
0 1 0 0 0 0 0 0 1 0 0 
1 0 1 1 1 0 1 1 0 0 1 
1 1 1 1 1 1 1 1 1 1 1 
1 1 0 1 1 0 0 1 1 0 1 
0 1 1 1 1 1 0 0 1 1 1 
1 1 1 1 1 1 1 1 1 1 1 
1 1 0 1 0 1 0 0 0 0 0 
1 0 1 1 1 1 1 0 1 1 1 
1 0 0 1 1 0 0 0 0 0 1 
1 1 1 1 0 1 0 1 1 1 1 
1 1 0 1 0 0 1 1 0 1 0 
0 0 0 0 1 1 0 1 0 1 0 
1 1 1 1 1 0 1 1 1 1 1 
1 0 1 0 1 1 0 1 0 1 1 
0 0 0 1 0 0 0 0 0 0 0 
1 1 0 1 1 0 0 1 0 1 1 
1 1 1 1 0 1 1 0 0 1 0 
1 1 1 1 1 1 1 1 1 1 1 
1 1 0 1 1 0 0 0 0 0 1 
0 0 0 0 0 0 0 0 0 0 0 
1 1 1 1 1 1 1 1 1 1 1 
0 0 1 0 0 0 1 0 0 0 0 
0 0 0 0 1 1 0 0 1 0 0 
0 0 1 0 0 0 0 0 1 0 0 
0 0 1 1 1 0 1 0 1 0 0 
1 1 0 0 0 1 1 1 1 1 0 
0 0 0 0 0 0 0 0 0 0 0 
1 1 1 1 1 1 1 1 1 1 1 
0 0 0 0 0 0 0 0 0 0 0 
1 1 1 1 1 1 1 1 1 1 1 
1 0 0 0 0 1 0 0 0 1 0 
1 1 1 1 1 1 1 1 1 1 1 
