27
99 51 50 30 7 28 71 92 54 93 77 8 59 43 92 55 74 92 76 54 92 68 7 65 91 9 55 
89
29
0 0 0 0 0 0 0 1 1 1 0 0 0 0 0 0 0 0 0 0 0 0 0 0 0 0 0 
1 0 1 0 0 1 1 0 1 1 1 1 1 1 1 1 1 1 0 0 1 0 1 1 0 1 1 
1 1 1 1 1 0 1 1 1 1 1 0 1 1 1 0 1 0 0 1 1 0 1 1 0 0 1 
0 0 1 0 0 1 0 1 1 1 0 0 1 1 0 0 1 0 1 1 1 1 0 1 1 1 1 
0 1 1 1 1 1 1 1 0 0 1 0 1 1 0 1 1 1 1 0 0 0 1 1 1 1 1 
0 0 1 1 1 1 1 0 1 1 1 1 1 1 1 0 1 1 1 1 1 1 1 1 1 1 1 
1 1 0 0 0 1 1 1 1 1 1 1 0 1 1 1 0 1 1 1 1 1 0 1 1 1 1 
1 0 1 0 1 0 0 0 0 0 0 0 0 0 0 1 0 0 0 0 0 1 0 0 0 0 1 
1 1 1 1 1 1 1 1 1 1 1 1 1 1 1 1 1 1 1 1 1 1 1 1 1 1 1 
1 1 1 1 1 1 1 1 1 1 1 0 1 1 1 1 1 1 1 1 1 1 1 1 0 1 1 
1 0 1 1 1 1 0 1 0 1 1 1 0 1 1 1 1 1 1 1 1 1 0 0 1 1 1 
0 0 0 0 0 0 1 0 0 0 1 0 0 0 0 0 0 0 0 0 0 0 0 0 0 0 0 
1 1 1 0 1 1 0 1 1 1 0 1 0 1 1 1 1 1 1 0 1 1 1 1 1 0 0 
1 1 1 1 1 1 0 1 1 0 1 0 0 1 1 1 1 1 0 1 1 1 0 1 1 0 0 
0 0 1 1 0 0 1 0 0 0 0 0 0 0 1 0 1 1 1 1 0 0 0 0 0 1 0 
1 1 0 1 1 0 1 0 0 1 1 1 0 1 0 0 1 0 1 0 0 0 0 0 1 1 1 
0 0 0 0 0 0 0 0 0 0 0 0 0 0 0 0 0 0 0 0 0 0 0 0 0 0 0 
0 0 0 1 1 0 1 1 0 0 1 0 0 0 0 0 1 1 0 1 0 0 0 1 0 0 0 
1 1 1 1 1 1 1 0 1 1 0 1 1 0 1 1 1 1 1 1 0 1 1 1 1 1 1 
0 0 0 0 0 0 0 0 0 0 1 0 0 0 0 1 0 0 0 0 1 1 0 0 0 0 1 
1 1 1 1 1 1 1 1 1 1 1 1 1 1 1 0 1 1 1 1 1 1 1 0 0 1 0 
1 0 0 1 1 0 1 0 1 0 1 0 1 1 1 1 0 0 0 1 1 0 1 1 1 0 0 
1 0 0 1 0 0 1 1 1 1 1 1 1 0 0 0 1 1 1 0 1 0 0 1 1 1 1 
1 1 0 0 1 0 0 0 0 1 1 1 0 0 1 1 0 1 0 1 1 1 1 0 1 0 0 
0 0 0 0 0 0 0 0 0 0 0 0 0 0 0 0 0 0 0 0 0 0 0 0 0 0 0 
0 0 0 0 0 0 0 0 0 0 0 0 0 0 0 0 0 0 0 0 0 0 0 0 0 0 0 
1 0 1 0 1 0 1 0 1 0 1 1 1 1 1 0 1 1 1 1 1 1 1 1 0 1 0 
0 0 1 0 0 0 0 1 1 0 0 0 0 0 0 0 0 0 1 0 0 1 0 0 0 0 0 
0 0 0 1 0 0 1 0 0 0 1 1 0 0 0 0 0 1 0 1 0 1 0 1 0 0 1 
