8
6 30 92 37 78 33 70 85 
72
85
0 1 1 0 1 0 1 0 
0 0 1 0 0 0 0 0 
1 0 1 0 1 1 1 1 
0 1 1 1 1 1 0 1 
0 1 1 1 1 1 1 1 
0 1 1 1 1 0 0 1 
0 1 0 0 0 0 0 1 
1 1 1 1 1 1 1 1 
0 0 1 1 1 0 0 0 
1 1 1 1 1 1 1 1 
0 0 0 0 0 0 0 0 
0 0 1 0 0 1 1 1 
1 0 1 1 1 1 1 1 
1 1 0 0 0 0 0 0 
0 1 1 0 1 0 1 1 
1 0 0 1 0 0 1 0 
1 1 1 1 1 1 0 1 
0 0 0 1 0 0 0 0 
0 0 1 0 0 1 0 0 
0 0 0 1 0 0 0 0 
1 1 1 1 1 0 1 0 
1 1 1 1 0 0 0 0 
1 1 0 1 1 1 1 1 
0 0 1 1 1 0 1 1 
0 0 0 0 0 0 0 0 
1 0 1 0 0 0 0 1 
0 1 1 1 1 1 1 1 
1 0 0 0 1 1 0 0 
0 0 0 0 0 0 0 1 
1 1 1 1 0 0 1 1 
1 1 1 1 1 1 1 1 
0 1 0 0 0 0 1 0 
0 0 0 1 0 0 0 0 
1 0 0 0 1 0 0 0 
1 0 0 1 0 0 1 1 
1 0 0 0 0 1 0 1 
0 0 0 0 0 0 0 0 
0 0 0 1 0 1 0 0 
1 1 1 1 1 1 1 1 
0 1 1 1 0 1 1 1 
1 0 1 1 1 1 0 1 
1 0 0 1 1 1 1 1 
0 1 1 0 0 1 1 1 
0 1 1 0 1 1 0 1 
1 1 1 0 0 1 0 0 
0 0 1 1 0 0 1 1 
0 0 1 0 0 0 1 1 
0 0 0 1 0 1 1 1 
1 1 0 0 0 1 1 0 
0 0 0 0 0 0 0 0 
0 1 0 0 0 1 1 0 
1 1 1 1 1 1 1 1 
0 0 0 0 1 0 0 0 
1 1 1 1 1 1 1 1 
0 0 0 1 0 1 0 0 
0 0 0 0 0 1 1 1 
0 0 0 0 0 0 0 0 
0 0 0 0 0 1 0 1 
1 1 1 1 1 1 1 0 
1 1 1 1 1 1 1 1 
0 0 0 0 0 0 0 0 
1 1 0 1 0 1 0 0 
0 1 0 1 0 0 0 0 
0 1 0 0 0 0 0 0 
0 0 0 1 0 0 0 0 
1 1 1 1 1 0 1 1 
0 1 1 1 0 0 1 1 
1 1 1 1 0 1 1 1 
1 1 1 1 1 1 1 1 
0 0 0 0 0 0 0 0 
0 0 1 1 0 1 0 1 
0 0 1 1 0 1 1 0 
1 1 1 1 1 1 1 1 
1 1 1 1 1 1 1 1 
0 0 1 1 1 1 1 1 
0 0 1 0 1 0 1 1 
1 1 1 0 1 1 1 1 
0 0 0 0 1 0 0 1 
0 1 0 0 0 1 1 1 
1 1 1 0 1 1 1 0 
0 0 1 0 1 0 1 1 
0 0 0 1 0 0 0 0 
0 0 0 1 0 0 1 0 
0 0 0 1 0 0 0 0 
0 0 0 1 0 0 1 1 
