38
53 76 75 10 7 28 69 33 7 67 74 48 9 96 29 79 45 47 75 28 61 28 85 82 13 91 94 51 1 47 57 27 89 67 76 58 56 62 
47
87
0 0 0 0 0 0 0 0 0 0 0 0 0 0 0 0 0 0 0 0 0 0 0 0 0 0 0 0 0 0 0 0 0 0 0 0 0 0 
0 0 0 0 1 0 0 0 0 0 0 0 0 0 0 0 0 0 0 0 1 0 0 0 0 0 0 0 0 0 0 0 0 0 1 0 0 0 
1 1 1 1 1 1 1 1 1 1 1 1 1 1 1 1 1 1 1 1 1 1 0 1 1 1 1 1 1 1 1 1 1 1 1 1 1 1 
0 0 1 0 1 1 0 0 0 1 1 1 0 0 1 0 0 1 0 1 0 1 0 1 0 1 0 0 0 0 0 1 0 0 1 0 1 0 
0 0 1 0 0 0 0 0 0 0 1 0 0 0 0 1 0 0 0 0 0 1 0 0 0 0 0 0 0 0 0 1 0 0 0 0 0 0 
0 1 0 0 1 1 1 1 1 0 1 1 0 1 1 1 0 0 1 1 1 1 1 0 1 1 1 0 0 1 1 1 1 1 1 1 1 0 
0 0 0 0 0 0 0 0 0 0 0 0 0 0 0 0 0 0 0 0 0 0 1 0 0 0 1 0 0 0 0 0 0 1 0 0 0 0 
0 1 1 0 1 1 1 0 1 1 0 0 1 0 1 1 0 0 1 1 1 0 1 1 0 0 0 1 0 0 0 1 0 1 1 0 0 0 
1 0 1 1 1 1 1 1 1 1 1 1 1 0 1 1 1 1 1 1 1 1 1 1 1 1 0 1 1 1 1 1 1 1 1 0 1 1 
1 1 1 0 0 1 0 1 1 1 0 0 1 1 1 1 1 1 1 0 0 0 1 0 0 0 1 1 1 1 1 0 1 1 1 0 1 1 
0 0 0 0 1 0 0 0 0 0 0 0 0 0 0 0 0 0 0 0 0 0 0 0 0 0 0 0 1 0 0 0 0 0 0 0 0 0 
0 0 0 0 1 0 0 1 1 1 0 1 0 1 0 1 0 0 1 1 1 0 1 0 1 1 1 0 0 1 1 1 0 1 1 1 0 0 
0 1 0 0 1 1 1 0 0 1 1 0 1 0 1 0 1 1 1 0 0 1 0 0 0 0 0 0 1 1 1 0 0 0 1 1 1 0 
0 0 0 0 0 0 0 0 0 1 0 0 0 0 0 1 0 0 0 0 0 0 1 1 0 0 0 0 0 0 0 0 0 1 1 0 0 0 
0 0 1 1 1 1 1 0 0 1 1 1 0 1 0 1 1 1 0 0 0 0 1 0 0 1 0 1 1 0 1 1 1 1 1 1 1 0 
0 0 1 1 0 0 1 0 1 0 0 0 0 0 0 1 0 0 0 1 0 1 1 1 0 0 0 0 0 1 1 0 0 0 0 0 0 0 
0 0 0 0 0 1 0 0 0 0 0 0 0 0 0 0 0 0 0 0 0 0 0 0 0 0 0 0 0 0 1 0 0 0 0 0 0 0 
1 0 0 1 0 0 0 0 1 0 1 0 1 1 0 1 0 1 0 0 1 1 1 0 0 0 1 1 1 1 1 1 1 1 1 0 1 1 
0 0 1 0 0 0 1 0 0 1 1 1 0 1 0 1 1 1 0 1 0 0 0 0 0 0 0 0 1 0 0 1 0 0 0 0 0 0 
0 1 0 0 0 0 0 0 0 0 0 0 0 0 0 0 1 0 0 0 0 0 1 0 1 0 0 0 0 0 1 0 1 0 0 0 0 0 
0 1 1 0 1 1 1 0 0 1 0 0 1 1 0 0 0 0 0 0 1 0 1 0 1 1 0 1 0 0 1 0 1 0 0 0 0 0 
1 1 1 1 1 0 0 1 1 1 0 1 0 1 1 1 1 1 1 1 0 1 1 1 0 0 0 0 0 0 1 1 0 1 1 0 0 1 
1 1 1 1 0 0 1 1 1 1 0 1 1 1 1 1 1 1 1 1 1 1 1 1 0 1 1 1 1 1 1 1 0 1 0 1 0 0 
1 0 0 1 0 1 0 0 0 0 1 0 0 1 1 0 1 0 1 0 0 0 0 1 0 0 1 0 0 1 0 0 0 0 0 0 0 0 
1 1 0 1 0 0 1 1 0 0 0 1 0 0 0 0 0 0 0 1 0 1 0 1 0 1 0 0 1 1 0 1 0 1 0 1 0 1 
0 0 0 0 0 0 0 0 0 0 0 0 0 0 0 0 0 0 0 0 0 0 0 0 0 0 0 0 0 0 0 0 0 0 0 0 0 0 
1 0 0 0 0 1 0 0 0 1 0 1 0 1 0 1 1 0 0 1 1 0 1 0 1 1 0 0 0 0 1 1 0 1 1 0 1 1 
1 1 1 1 1 1 1 1 1 1 1 1 1 1 1 1 1 1 1 1 1 1 1 1 1 1 1 1 1 1 1 1 1 1 1 1 1 1 
0 0 0 0 0 0 0 0 0 0 0 0 1 0 1 1 0 1 0 1 0 0 1 0 0 0 0 0 0 0 0 1 0 0 0 0 0 0 
0 0 1 0 0 1 0 1 0 0 0 1 0 0 1 0 1 0 0 1 0 1 0 0 0 0 1 0 0 0 1 0 0 1 0 0 1 0 
0 0 0 0 0 0 0 0 0 0 0 0 0 0 0 0 0 0 0 0 0 0 0 1 0 0 0 0 0 0 1 0 1 0 0 0 0 1 
0 1 1 1 1 0 0 1 1 1 0 0 0 1 1 0 0 1 0 0 0 1 1 1 1 1 1 1 0 0 0 1 1 1 1 0 0 0 
0 1 0 0 0 0 0 0 0 0 1 0 1 0 0 0 0 0 1 1 0 0 0 0 0 0 0 0 0 0 0 0 1 0 0 0 0 0 
1 1 0 0 1 0 1 1 0 0 1 0 1 1 1 0 1 1 1 1 1 1 0 0 0 0 1 1 0 0 1 1 1 1 1 1 0 1 
0 1 0 0 0 1 1 1 1 0 1 0 0 1 0 0 0 0 0 0 0 1 0 0 0 1 0 1 1 0 0 1 0 0 0 0 1 0 
1 0 1 1 1 0 0 0 0 0 0 1 0 0 1 0 1 0 0 1 0 0 1 0 1 0 0 1 1 1 1 0 0 0 0 0 0 1 
1 1 0 1 1 1 1 1 0 1 1 1 1 1 1 0 1 1 1 1 1 1 1 0 1 1 1 1 0 0 1 1 1 0 0 0 1 0 
1 0 0 0 0 0 1 1 1 0 1 0 0 1 0 0 1 1 0 0 0 1 1 1 1 1 1 0 0 1 1 1 1 0 1 0 1 1 
1 0 1 1 0 0 1 1 0 0 1 1 1 1 1 1 1 1 1 1 1 0 0 1 0 0 1 1 1 1 1 1 0 0 0 1 1 1 
1 1 1 0 1 1 1 1 1 1 1 1 1 1 0 1 0 1 1 1 1 1 1 1 1 1 1 1 1 1 0 1 1 1 0 1 1 1 
1 1 1 1 1 1 1 0 1 0 1 1 1 1 1 1 1 0 1 0 1 1 0 1 1 1 0 1 0 1 1 1 1 1 1 1 0 1 
1 1 1 1 1 1 1 1 1 1 1 1 1 1 1 1 1 1 1 1 1 1 1 1 1 1 1 1 1 1 1 1 1 1 1 1 1 1 
1 0 0 0 1 1 1 0 1 1 0 1 1 1 1 1 1 0 1 1 1 1 0 0 0 1 0 1 0 1 0 1 1 1 0 1 1 0 
0 0 1 0 0 0 1 1 0 1 0 1 1 1 1 0 0 1 1 0 0 1 1 1 0 0 1 0 0 0 0 1 1 1 0 0 1 1 
0 1 1 0 1 1 1 0 1 1 1 0 1 1 1 1 1 1 1 1 1 1 0 0 1 1 1 0 0 1 1 1 1 0 1 0 1 1 
1 0 0 1 1 1 0 1 1 0 1 1 1 0 1 1 1 1 1 1 1 0 1 1 0 0 1 1 1 1 0 1 1 1 1 1 0 1 
1 1 1 1 1 1 1 1 1 1 1 1 1 1 1 1 1 1 1 1 1 1 1 1 1 0 1 1 1 1 1 1 1 1 1 1 1 1 
0 0 1 1 1 0 0 0 0 0 0 1 0 0 0 0 0 0 0 0 0 0 1 1 1 1 0 0 0 0 0 0 0 0 0 0 1 0 
0 0 0 0 1 1 0 0 1 0 0 0 0 0 1 0 1 0 0 0 0 0 0 0 0 0 0 0 0 0 1 1 0 0 0 0 1 1 
1 1 1 1 1 1 1 1 1 1 1 1 1 1 1 1 1 1 1 1 1 1 1 1 0 1 1 1 1 1 1 1 1 1 1 1 1 1 
0 0 0 0 0 0 1 1 1 0 0 1 1 0 0 0 0 0 0 0 0 0 1 0 1 0 1 0 0 0 1 1 0 0 1 0 0 0 
0 1 0 1 0 0 0 1 0 1 0 1 1 0 0 1 1 0 0 0 1 0 0 1 1 1 0 1 1 1 1 0 1 0 0 0 0 0 
0 1 0 0 0 0 0 0 0 0 0 0 0 0 0 0 1 0 1 0 0 0 1 0 0 1 0 0 0 0 0 1 0 0 0 0 0 0 
0 0 0 0 0 1 0 0 1 0 0 1 1 1 0 1 0 1 1 0 1 1 0 1 1 0 1 0 1 1 1 0 1 0 1 1 0 0 
0 0 0 1 0 0 0 0 0 0 0 1 0 0 0 0 1 0 0 1 1 0 0 0 0 0 1 0 0 0 0 0 0 0 0 1 0 0 
1 1 0 0 0 1 1 1 0 0 0 1 0 0 0 1 1 1 1 1 0 1 1 0 0 0 1 1 1 0 1 0 1 0 0 0 1 1 
1 1 1 1 1 1 1 1 1 1 0 1 1 1 1 1 1 1 1 1 1 1 1 1 1 1 1 1 1 1 1 1 1 1 1 0 1 1 
1 0 1 1 1 0 1 1 1 1 1 1 1 0 0 1 1 1 0 1 1 1 0 1 1 1 1 1 0 1 1 1 1 1 1 1 1 1 
1 0 1 0 0 1 1 0 0 0 0 1 0 0 0 1 0 1 1 1 0 1 1 1 1 1 1 1 0 0 0 0 1 1 0 0 0 0 
1 1 1 1 1 0 1 1 1 0 1 0 0 1 0 1 0 0 0 0 0 0 1 0 0 0 0 1 0 0 0 0 1 1 0 0 0 1 
0 0 0 0 1 0 0 0 0 1 1 1 1 0 0 0 0 0 1 0 0 0 0 0 0 0 1 0 1 0 0 0 0 1 0 0 0 0 
0 0 0 1 1 0 0 0 0 0 1 0 0 0 0 0 0 0 0 0 0 0 0 0 0 1 0 1 0 0 1 0 0 1 0 1 0 1 
0 1 0 0 0 0 0 0 0 0 0 0 0 0 0 0 0 0 0 0 0 0 0 0 0 0 0 0 0 0 0 1 0 0 0 0 0 0 
0 0 0 0 0 0 0 0 0 0 0 0 1 0 0 0 1 0 0 0 0 0 0 0 0 0 0 0 0 0 0 0 0 0 0 0 0 0 
0 0 0 0 0 0 0 0 0 0 0 0 0 0 0 0 0 0 0 0 0 0 0 0 0 0 0 0 0 0 0 0 0 0 0 0 0 0 
1 1 1 1 1 1 1 1 0 1 0 1 1 1 0 0 1 1 1 1 1 1 0 1 1 1 1 1 1 1 0 1 1 1 1 1 0 1 
1 1 1 1 1 1 1 1 1 1 1 1 1 1 1 1 1 1 1 1 1 1 1 1 1 1 1 1 1 1 1 1 1 1 1 1 1 1 
1 0 1 0 1 0 0 0 1 0 0 1 0 0 1 1 1 1 1 1 1 1 1 0 1 1 0 0 1 0 0 1 1 0 1 0 0 1 
0 0 0 0 0 0 0 0 0 0 0 0 0 0 0 0 0 0 0 0 0 0 0 0 0 0 0 0 0 0 0 0 0 0 0 0 0 0 
1 1 1 1 1 1 0 0 1 0 0 1 1 1 0 1 1 1 1 1 1 0 1 1 1 1 1 1 1 0 1 1 1 1 1 1 1 1 
0 0 0 1 0 1 0 0 0 0 0 1 1 0 0 0 1 0 0 0 0 1 1 1 0 1 1 1 0 1 1 1 0 0 0 1 1 0 
1 1 0 1 1 1 1 1 1 1 0 1 1 1 1 1 1 1 0 1 1 1 1 1 1 1 1 1 1 1 1 1 1 1 1 1 0 1 
1 1 1 1 1 1 1 1 1 1 0 1 0 1 1 1 1 1 1 1 1 1 0 1 1 1 1 0 1 0 1 1 0 1 1 1 1 1 
0 0 1 1 1 1 1 1 0 1 1 1 1 1 1 1 1 1 1 0 0 1 1 1 1 1 1 1 1 1 1 0 1 1 1 1 1 1 
0 1 0 0 0 0 0 1 1 1 0 0 1 0 0 0 0 0 0 0 0 0 0 0 0 0 0 0 1 0 0 0 0 1 0 0 1 1 
0 1 0 0 1 1 0 1 0 0 1 1 1 0 1 1 1 0 1 0 1 1 1 1 0 1 1 0 1 0 1 1 0 0 0 1 1 1 
1 1 1 1 1 1 1 1 1 1 1 1 1 1 1 1 1 1 1 1 1 1 1 1 1 1 1 1 1 1 1 1 1 1 1 1 1 1 
1 1 0 1 0 0 1 0 0 1 0 0 1 1 0 0 0 0 1 0 0 1 0 0 0 0 0 0 0 0 0 0 0 0 1 1 1 0 
0 1 0 0 0 0 1 0 0 0 0 0 0 0 0 0 0 0 0 0 0 0 0 0 0 0 1 0 1 0 0 0 0 1 0 0 0 0 
0 0 0 0 1 0 0 1 1 1 1 0 0 1 1 0 0 1 0 1 1 1 0 0 0 1 1 0 1 1 0 1 0 0 1 1 1 1 
0 0 0 0 0 1 0 0 0 0 0 0 0 0 0 0 0 0 0 0 0 0 0 0 1 0 0 0 0 0 1 0 0 1 1 0 1 0 
0 0 0 0 0 0 0 0 0 0 0 0 0 0 0 0 1 0 0 0 0 0 0 0 0 0 0 0 0 0 0 0 0 0 0 1 0 0 
1 1 0 1 1 1 1 1 1 1 1 0 1 1 1 1 1 1 1 1 1 1 1 0 1 1 1 1 1 1 1 1 1 1 1 1 1 1 
1 1 1 1 1 1 1 0 0 1 0 1 1 1 1 1 0 0 1 1 1 0 0 1 1 1 1 1 1 1 1 0 0 0 0 1 0 0 
1 0 0 0 0 1 0 0 0 0 0 0 0 0 0 1 1 1 0 1 0 0 1 0 0 0 0 0 0 0 1 0 1 0 1 0 1 0 
0 0 0 0 0 0 0 0 0 0 0 0 0 0 0 0 0 0 0 0 0 0 0 0 0 0 0 0 0 0 0 0 0 0 0 0 0 0 
0 1 0 0 1 1 0 1 0 0 0 1 0 0 0 0 0 0 0 1 0 0 0 0 0 0 0 0 0 0 0 0 0 1 1 1 0 0 
