5
1 24 93 35 69 
61
56
0 1 1 0 0 
1 0 0 0 1 
0 1 0 0 0 
0 0 0 0 0 
0 0 0 1 0 
0 0 0 0 0 
0 0 0 0 0 
1 1 1 1 1 
1 1 1 1 1 
1 0 1 1 1 
0 1 1 1 0 
1 1 0 1 1 
1 1 1 0 1 
0 0 0 0 0 
1 1 0 1 1 
0 0 1 1 0 
0 0 0 0 0 
1 1 1 1 1 
0 1 0 1 1 
0 1 1 1 1 
0 1 0 0 0 
1 1 1 1 1 
1 1 1 1 1 
1 1 1 1 1 
0 0 1 1 0 
1 1 0 1 1 
1 1 1 1 1 
0 0 0 0 0 
1 1 1 0 1 
1 1 1 1 1 
1 1 1 1 1 
0 0 1 0 0 
0 0 0 1 0 
0 0 1 1 0 
1 0 1 0 0 
0 0 1 0 0 
1 0 0 1 0 
0 1 0 0 0 
0 0 0 1 1 
1 1 1 1 1 
1 0 1 0 1 
1 1 1 1 1 
1 1 1 1 1 
1 1 1 1 1 
1 0 1 1 1 
1 1 1 1 1 
1 1 1 1 1 
0 0 0 0 0 
1 1 1 1 1 
1 1 1 1 0 
1 1 1 1 1 
1 1 1 1 0 
0 0 0 0 0 
0 0 1 0 0 
0 0 0 0 0 
0 0 1 0 0 
